31 34
31 35
31 36
32 34
32 35
32 36
32 37
33 34
33 35
33 36
33 37
33 38
34 34
34 35
34 36
34 37
34 38
35 35
35 36
35 37
35 38
35 39
36 36
36 37
36 38
36 39
36 40
37 37
37 38
37 39
37 40
37 41
38 37
38 38
38 39
38 40
38 41
39 38
39 39
39 40
39 41
39 42
40 39
40 40
40 41
40 42
41 39
41 40
41 41
41 42
41 43
42 40
42 41
42 42
42 43
43 40
43 41
43 42
43 43
43 44
43 45
44 41
44 42
44 43
44 44
44 45
45 42
45 43
45 44
45 45
45 46
46 43
46 44
46 45
46 46
46 47
47 43
47 44
47 45
47 46
47 47
48 41
48 42
48 43
48 44
48 45
48 46
48 47
48 48
49 40
49 41
49 42
49 43
49 44
49 45
49 46
49 47
49 48
50 39
50 40
50 41
50 42
50 43
50 44
50 45
50 46
50 47
50 48
50 49
51 38
51 39
51 40
51 41
51 42
51 46
51 47
51 48
51 49
51 50
52 37
52 38
52 39
52 40
52 41
52 47
52 48
52 49
52 50
52 51
53 37
53 38
53 39
53 40
53 48
53 49
53 50
53 51
54 36
54 37
54 38
54 39
54 40
54 48
54 49
54 50
54 51
55 36
55 37
55 38
55 39
55 49
55 50
55 51
55 52
55 53
56 36
56 37
56 38
56 39
56 51
56 52
56 53
56 54
57 35
57 36
57 37
57 38
57 51
57 52
57 53
57 54
58 35
58 36
58 37
58 52
58 53
58 54
59 34
59 35
59 36
59 37
59 52
59 53
59 54
59 55
60 33
60 34
60 35
60 36
60 37
60 52
60 53
60 54
60 55
60 56
61 33
61 34
61 35
61 36
61 53
61 54
61 55
61 56
62 32
62 33
62 34
62 35
62 36
62 53
62 54
62 55
62 56
62 57
63 32
63 33
63 34
63 35
63 54
63 55
63 56
63 57
64 32
64 33
64 34
64 35
64 55
64 56
64 57
65 32
65 33
65 34
65 55
65 56
65 57
