23 34
23 35
23 36
24 34
24 35
24 36
25 34
25 35
25 36
26 34
26 35
26 36
27 34
27 35
27 36
28 34
28 35
28 36
29 34
29 35
29 36
30 34
30 35
30 36
31 34
31 35
31 36
32 34
32 35
32 36
33 34
33 35
33 36
34 34
34 35
34 36
35 34
35 35
35 36
36 34
36 35
36 36
37 34
37 35
37 36
38 34
38 35
38 36
39 34
39 35
39 36
40 34
40 35
40 36
41 34
41 35
41 36
42 34
42 35
42 36
43 34
43 35
43 36
44 34
44 35
44 36
45 35
45 36
45 37
46 34
46 35
46 36
46 37
47 34
47 35
47 36
47 37
48 34
48 35
48 36
48 37
48 38
49 34
49 35
49 36
49 37
49 38
49 39
49 40
49 41
49 42
49 43
49 44
50 34
50 35
50 36
50 37
50 38
50 39
50 40
50 41
50 42
50 43
50 44
50 45
50 46
50 47
50 48
50 49
50 50
50 51
50 52
50 53
50 54
50 55
51 34
51 35
51 36
51 37
51 38
51 39
51 40
51 41
51 42
51 43
51 44
51 45
51 46
51 47
51 48
51 49
51 50
51 51
51 52
51 53
51 54
51 55
52 34
52 35
52 36
52 37
52 43
52 44
52 45
52 46
52 47
52 48
52 49
52 50
52 51
52 52
52 53
52 54
52 55
53 34
53 35
53 36
53 37
53 52
53 53
53 54
54 34
54 35
54 36
54 37
54 52
54 53
54 54
55 34
55 35
55 36
55 37
55 52
55 53
55 54
56 35
56 36
56 37
56 52
56 53
56 54
57 35
57 36
57 37
57 52
57 53
57 54
58 34
58 35
58 36
58 37
58 52
58 53
58 54
59 34
59 35
59 36
59 37
59 52
59 53
59 54
60 34
60 35
60 36
60 37
60 52
60 53
60 54
61 34
61 35
61 36
61 37
61 52
61 53
61 54
62 34
62 35
62 36
62 37
62 52
62 53
62 54
63 34
63 35
63 36
63 37
63 52
63 53
63 54
64 34
64 35
64 36
64 37
64 52
64 53
64 54
65 34
65 35
65 36
65 37
65 52
65 53
65 54
66 34
66 35
66 36
66 37
66 52
66 53
66 54
67 34
67 35
67 36
67 37
67 52
67 53
67 54
68 34
68 35
68 36
68 37
68 52
68 53
68 54
69 34
69 35
69 36
69 37
69 52
69 53
69 54
69 55
70 34
70 35
70 36
70 37
70 52
70 53
70 54
70 55
71 34
71 35
71 36
71 37
71 52
71 53
71 54
71 55
72 34
72 35
72 36
72 37
72 52
72 53
72 54
72 55
73 35
73 36
73 37
73 38
73 39
73 40
73 41
73 42
73 43
73 44
73 45
73 46
73 47
73 48
73 49
73 50
73 51
73 52
73 53
73 54
73 55
74 35
74 36
74 37
74 38
74 39
74 40
74 41
74 42
74 43
74 44
74 45
74 46
74 47
74 48
74 49
74 50
74 51
74 52
74 53
74 54
74 55
75 35
75 36
75 37
75 38
75 39
75 40
75 41
75 42
75 43
75 44
75 45
75 46
75 47
75 48
75 49
75 50
75 51
75 52
75 53
76 35
76 36
76 37
