37 52
37 53
37 54
37 55
37 56
37 57
38 37
38 38
38 39
38 40
38 41
38 42
38 43
38 44
38 45
38 46
38 47
38 48
38 49
38 50
38 51
38 52
38 53
38 54
38 55
38 56
38 57
39 37
39 38
39 39
39 40
39 41
39 42
39 43
39 44
39 45
39 46
39 47
39 48
39 49
39 50
39 51
39 52
39 53
39 54
39 55
39 56
39 57
40 37
40 38
40 39
40 40
40 41
40 42
40 43
40 44
40 45
40 46
40 47
40 48
40 49
40 50
40 51
41 37
41 38
41 39
41 40
41 41
41 42
41 43
41 44
42 37
42 38
42 39
43 37
43 38
43 39
44 37
44 38
44 39
45 37
45 38
45 39
46 37
46 38
46 39
47 37
47 38
47 39
48 37
48 38
48 39
49 37
49 38
49 39
50 37
50 38
50 39
51 37
51 38
51 39
52 37
52 38
52 39
53 37
53 38
53 39
54 37
54 38
54 39
55 37
55 38
55 39
56 37
56 38
56 39
57 37
57 38
57 39
58 37
58 38
58 39
59 37
59 38
59 39
60 37
60 38
60 39
61 37
61 38
61 39
62 37
62 38
62 39
63 37
63 38
63 39
64 37
64 38
64 39
65 37
65 38
65 39
65 40
65 41
65 42
65 43
65 44
65 45
65 46
65 47
65 48
65 49
65 50
65 51
65 52
65 53
65 54
65 55
65 56
65 57
65 58
66 37
66 38
66 39
66 40
66 41
66 42
66 43
66 44
66 45
66 46
66 47
66 48
66 49
66 50
66 51
66 52
66 53
66 54
66 55
66 56
66 57
66 58
67 37
67 38
67 39
67 40
67 41
67 42
67 43
67 44
67 45
67 46
67 47
67 48
67 49
67 50
67 51
67 52
67 53
67 54
67 55
67 56
67 57
67 58
