9 39
9 40
9 41
10 39
10 40
10 41
11 39
11 40
11 41
12 39
12 40
12 41
13 39
13 40
13 41
14 39
14 40
14 41
15 39
15 40
15 41
16 39
16 40
16 41
17 39
17 40
17 41
18 38
18 39
18 40
18 41
19 38
19 39
19 40
19 41
20 38
20 39
20 40
21 38
21 39
21 40
22 38
22 39
22 40
23 38
23 39
23 40
24 38
24 39
24 40
25 38
25 39
25 40
26 38
26 39
26 40
27 38
27 39
27 40
28 38
28 39
28 40
29 38
29 39
29 40
30 38
30 39
30 40
31 37
31 38
31 39
31 40
32 37
32 38
32 39
32 40
33 37
33 38
33 39
34 37
34 38
34 39
35 37
35 38
35 39
36 37
36 38
36 39
37 37
37 38
37 39
38 37
38 38
38 39
39 37
39 38
39 39
40 37
40 38
40 39
41 37
41 38
41 39
42 37
42 38
42 39
43 37
43 38
43 39
44 37
44 38
44 39
45 37
45 38
45 39
46 37
46 38
46 39
47 37
47 38
47 39
48 37
48 38
48 39
49 37
49 38
49 39
50 37
50 38
50 39
51 37
51 38
51 39
52 37
52 38
52 39
53 37
53 38
53 39
54 24
54 25
54 26
54 27
54 28
54 29
54 30
54 31
54 32
54 37
54 38
54 39
55 20
55 21
55 22
55 24
55 25
55 26
55 27
55 28
55 29
55 30
55 31
55 32
55 33
55 34
55 35
55 36
55 37
55 38
55 39
56 14
56 15
56 16
56 17
56 18
56 19
56 20
56 21
56 22
56 23
56 24
56 25
56 26
56 27
56 28
56 29
56 30
56 31
56 32
56 33
56 34
56 35
56 36
56 37
56 38
57 14
57 15
57 16
57 17
57 18
57 19
57 20
57 21
57 22
57 23
57 24
57 25
57 26
57 27
57 28
57 29
57 30
57 31
57 32
57 33
57 34
57 35
57 36
57 37
57 38
58 14
58 15
58 16
58 17
58 18
58 19
58 20
58 21
58 22
58 23
58 24
58 25
58 26
58 27
58 28
58 29
58 30
58 31
58 32
58 33
58 34
58 36
58 37
58 38
59 31
59 32
59 33
59 34
59 36
59 37
59 38
