15 16
15 17
15 18
16 16
16 17
16 18
16 19
17 16
17 17
17 18
17 19
17 20
18 16
18 17
18 18
18 19
18 20
18 21
19 17
19 18
19 19
19 20
19 21
19 22
20 18
20 19
20 20
20 21
20 22
20 23
21 19
21 20
21 21
21 22
21 23
21 24
22 21
22 22
22 23
22 24
23 21
23 22
23 23
23 24
23 25
24 22
24 23
24 24
24 25
24 26
25 23
25 24
25 25
25 26
25 27
26 24
26 25
26 26
26 27
26 28
27 25
27 26
27 27
27 28
27 29
28 26
28 27
28 28
28 29
28 30
28 31
29 27
29 28
29 29
29 30
29 31
30 28
30 29
30 30
30 31
30 32
31 29
31 30
31 31
31 32
31 33
31 34
32 30
32 31
32 32
32 33
32 34
32 35
33 31
33 32
33 33
33 34
33 35
33 36
34 32
34 33
34 34
34 35
34 36
34 37
35 33
35 34
35 35
35 36
35 37
36 34
36 35
36 36
36 37
36 38
36 39
37 35
37 36
37 37
37 38
37 39
37 40
38 36
38 37
38 38
38 39
38 40
38 41
39 37
39 38
39 39
39 40
39 41
40 39
40 40
40 41
40 42
41 40
41 41
41 42
42 40
42 41
42 42
42 43
42 44
43 42
43 43
43 44
44 42
44 43
44 44
44 45
44 46
45 44
45 45
45 46
46 44
46 45
46 46
46 47
46 48
47 46
47 47
47 48
48 46
48 47
48 48
48 49
48 50
49 48
49 49
49 50
50 48
50 49
50 50
50 51
50 52
51 50
51 51
51 52
52 50
52 51
52 52
52 53
52 54
53 51
53 52
53 53
53 54
53 55
54 51
54 52
54 53
54 54
54 55
55 52
55 53
55 54
55 55
